100 100

73 34 45 64 90 97 60 27 69 87 10 11 63 83 5 4 3 24 49 46 55 51 16 77 58 47 89 37 40 94 13 33 66 52 66 67 82 48 98 42 90 10 52 52 99 79 76 41 63 28 59 50 98 48 90 53 15 85 17 11 20 14 87 21 5 59 55 34 40 24 33 24 89 75 18 64 69 78 13 28 67 47 27 95 40 61 56 92 45 7 39 65 67 16 39 77 0 12 41 24
50 83 54 28 73 0 50 40 64 11 75 92 12 63 22 49 22 33 66 20 78 26 19 99 44 47 94 2 93 60 29 83 63 84 64 85 30 72 79 29 12 24 84 7 10 55 28 79 65 18 41 52 91 30 31 80 36 49 24 98 41 80 83 9 97 96 60 84 18 32 19 52 39 88 52 30 5 95 85 35 53 23 69 28 54 54 96 52 79 19 17 64 72 43 0 40 37 74 51 98
47 0 29 49 51 15 7 91 37 49 16 93 61 32 92 15 92 92 70 0 33 98 76 14 55 95 82 59 59 19 56 97 80 30 35 24 89 11 17 42 7 25 41 4 79 41 72 62 44 62 99 55 51 92 41 37 67 29 80 38 42 69 68 65 20 28 44 50 79 98 87 32 28 67 27 57 10 9 35 3 21 42 0 0 25 29 45 83 23 72 65 91 56 22 79 74 36 89 7 82
57 10 44 37 80 58 31 21 2 58 13 98 88 27 71 11 41 72 66 32 8 13 98 13 69 45 60 96 7 71 61 92 43 33 47 9 66 54 41 9 62 14 9 82 28 60 3 65 75 63 72 60 44 10 78 0 26 55 48 91 32 36 85 0 65 2 36 68 42 59 65 67 56 23 45 0 60 39 85 43 99 39 33 89 4 6 48 50 56 9 41 40 9 99 35 3 63 92 99 6
20 97 80 75 64 36 30 73 42 82 63 39 18 39 41 39 69 90 68 57 57 80 98 73 74 52 20 17 76 26 61 70 11 98 90 54 51 71 66 68 55 24 39 51 54 9 54 39 21 22 67 38 44 42 29 63 65 85 0 53 62 38 10 82 78 52 8 99 89 34 34 52 64 21 58 95 6 68 28 89 33 37 26 14 10 86 6 94 36 72 7 88 15 43 11 66 21 9 16 74
96 85 21 5 33 7 35 67 94 83 59 37 27 67 4 37 31 23 66 38 99 87 99 57 29 82 5 10 49 82 17 76 23 62 55 22 54 83 68 62 99 70 93 57 44 2 33 78 59 98 78 93 49 77 56 29 36 0 49 3 34 28 35 68 66 83 55 42 39 81 70 10 81 15 2 91 6 27 5 65 89 86 37 37 27 10 49 72 48 70 57 34 60 85 59 32 68 23 61 92
81 66 67 78 31 15 53 0 25 79 60 39 48 13 25 18 55 87 99 88 6 53 42 56 78 46 97 73 95 17 84 51 91 11 91 59 92 54 53 13 49 56 16 11 88 64 69 77 60 93 19 70 12 88 26 85 40 58 52 21 60 60 49 9 69 47 57 59 53 16 63 8 81 64 57 13 77 86 34 74 78 40 64 65 69 78 42 23 15 51 92 55 68 46 75 76 58 1 58 21
52 3 66 41 29 39 34 83 39 60 2 0 91 7 45 81 93 1 91 57 36 16 6 92 44 2 20 92 78 55 17 0 59 94 17 64 91 96 85 56 55 17 41 27 16 34 50 82 29 93 49 99 45 25 52 77 77 35 44 61 39 56 3 72 35 39 10 72 13 19 68 44 29 21 3 88 17 79 4 60 54 34 85 24 14 74 50 27 13 92 89 44 45 73 42 58 28 98 18 31
91 0 85 81 93 71 64 27 72 30 68 82 26 93 84 10 81 43 76 52 80 27 73 95 98 20 27 72 25 62 16 69 29 79 97 5 75 31 5 75 33 41 49 12 92 8 3 85 35 5 93 14 22 16 37 61 81 92 21 8 47 84 29 98 60 51 53 10 30 84 29 56 42 42 78 14 38 64 82 1 91 71 93 15 93 6 99 44 64 62 86 78 7 88 42 54 29 27 46 65
61 60 42 46 42 66 71 41 26 42 62 49 34 6 22 11 67 74 4 93 81 28 97 53 31 39 64 33 86 35 88 37 57 41 55 18 23 68 63 86 18 48 46 78 46 37 96 34 50 70 42 50 39 52 57 44 78 57 74 74 62 50 14 58 84 5 51 46 42 17 26 39 65 65 25 16 64 49 71 9 76 32 44 78 93 74 16 91 22 34 36 88 56 61 53 46 36 55 91 6
41 21 17 21 4 25 90 86 68 43 2 49 46 7 12 80 64 69 98 78 70 21 42 5 74 46 11 88 83 54 52 22 58 58 82 46 94 31 8 11 38 75 36 83 12 41 73 46 33 21 87 81 53 68 39 29 84 28 33 42 61 19 92 91 40 96 90 74 68 12 98 99 23 78 67 16 34 11 90 63 71 64 16 85 13 28 90 75 52 42 13 65 47 28 22 76 67 10 91 73
7 48 50 45 47 85 31 91 15 59 98 29 18 90 78 68 55 54 29 78 42 57 51 27 71 21 53 10 67 58 7 94 14 54 38 81 14 30 53 33 0 9 37 11 6 79 1 77 36 13 5 11 71 34 25 52 35 45 36 57 54 78 97 72 7 81 8 8 71 51 13 17 81 31 62 22 29 7 48 61 87 9 87 44 52 86 26 71 71 85 68 28 71 55 79 85 79 64 44 29
15 19 37 53 13 75 41 95 41 91 27 4 61 69 3 31 51 84 94 80 4 18 43 42 89 53 77 60 56 96 11 83 54 34 79 45 38 36 57 75 18 20 88 84 30 60 12 26 86 88 41 62 4 51 20 46 65 83 63 21 71 34 35 9 35 88 0 97 63 71 86 87 79 43 83 88 39 76 7 38 56 31 53 79 72 74 10 90 5 55 36 47 65 24 13 93 79 66 91 87
27 29 65 37 52 3 84 83 12 15 56 41 54 64 95 46 55 79 94 65 36 65 88 56 34 39 81 20 49 52 24 78 93 48 87 97 54 65 93 94 72 91 19 53 74 34 95 12 62 99 19 63 10 12 20 54 84 1 32 16 76 4 63 43 49 14 94 21 52 29 40 21 36 96 30 50 92 78 77 71 87 3 8 44 51 76 43 26 69 99 33 46 2 29 11 87 77 7 57 2
20 49 79 36 55 1 86 85 89 23 81 99 8 18 85 8 29 23 32 16 86 26 23 39 26 35 60 14 7 94 12 85 58 77 36 10 82 68 50 55 74 73 8 86 6 2 8 68 53 43 4 9 15 20 27 85 55 41 79 79 35 72 36 98 10 15 39 77 79 7 14 1 73 81 21 52 12 21 59 43 18 38 31 46 87 20 25 19 93 91 30 49 91 19 88 55 82 86 24 40
39 95 66 58 4 45 48 65 33 45 29 51 70 64 50 68 53 61 56 61 49 47 58 61 92 79 7 24 18 2 99 45 4 19 72 15 34 79 2 84 6 92 65 78 47 44 15 88 38 63 65 89 39 79 34 3 33 27 12 80 3 98 35 34 34 25 89 73 28 74 56 19 89 19 48 85 91 74 2 92 3 95 22 12 91 12 79 38 84 38 72 93 59 35 75 4 1 81 14 63
74 69 64 65 37 10 22 94 60 91 59 42 83 97 82 88 82 99 16 61 50 45 76 2 61 6 99 13 28 44 47 21 1 35 93 29 93 45 97 39 41 29 84 74 73 21 9 56 98 4 59 66 33 81 85 74 25 72 66 76 28 17 2 43 6 19 89 50 74 98 50 63 92 15 57 86 41 84 56 59 45 90 54 80 78 63 24 68 85 99 52 14 43 24 34 87 69 14 38 2
55 88 85 23 40 68 34 44 73 52 72 80 89 21 83 43 5 45 97 30 4 71 43 71 58 28 55 26 85 49 68 99 22 63 42 39 16 7 63 35 99 25 61 80 65 48 65 1 90 4 23 2 48 97 63 76 18 48 31 65 73 40 3 42 3 8 10 3 24 65 17 51 80 84 54 75 3 89 12 6 97 71 87 21 97 28 38 0 99 92 62 21 70 65 71 41 7 75 69 96
60 48 87 86 19 95 18 64 79 24 50 16 52 57 79 83 11 57 9 26 96 37 18 72 4 78 74 22 64 64 18 27 89 54 82 62 40 75 0 50 36 71 88 75 81 66 83 83 95 32 10 47 86 92 68 31 18 30 47 49 15 89 71 16 0 85 61 84 70 70 68 51 88 80 31 79 20 94 60 32 62 70 23 58 53 67 95 62 97 25 5 4 18 86 91 38 97 79 41 69
18 78 10 51 99 90 85 12 16 39 3 77 11 88 75 30 4 24 9 54 99 98 65 75 67 50 87 36 63 77 71 65 73 5 15 82 52 89 3 34 18 47 0 8 94 76 28 96 26 21 14 81 48 84 14 3 37 93 65 14 54 54 75 80 12 84 49 58 55 87 18 26 89 36 6 58 96 81 81 30 94 40 72 72 21 28 81 47 3 41 2 99 44 42 53 63 35 43 25 96
39 23 63 37 99 86 58 79 46 96 83 90 78 41 95 85 36 14 66 3 54 87 6 49 20 73 4 86 91 5 87 76 98 19 6 95 19 65 25 99 28 34 19 42 46 18 84 85 82 86 90 34 12 5 69 91 32 61 97 98 58 83 6 94 85 45 26 83 81 23 36 10 55 25 39 55 45 41 14 99 20 75 68 97 50 79 90 97 93 5 84 66 82 37 70 45 47 42 74 57
30 40 64 60 70 14 27 63 52 32 33 95 96 47 93 72 77 9 33 2 55 20 42 75 55 18 91 46 84 66 29 47 66 83 60 17 88 44 76 30 60 22 43 31 40 72 97 42 67 28 71 33 71 31 33 11 93 35 66 82 30 23 98 16 83 2 94 52 99 37 41 98 7 16 73 58 52 4 51 28 24 53 71 61 66 48 64 4 56 78 18 16 25 26 74 54 75 58 2 70
52 21 31 78 66 52 35 89 18 45 14 89 37 82 46 46 72 14 45 95 30 16 14 46 83 87 69 12 67 70 69 71 34 66 53 12 83 71 95 83 72 22 65 10 30 10 63 39 73 70 59 91 79 66 20 38 72 10 3 71 94 19 19 85 97 5 48 36 28 1 87 52 84 24 75 6 60 28 27 40 0 56 49 47 7 52 98 29 25 51 52 94 92 92 46 79 65 43 57 42
74 70 32 22 5 69 7 42 84 36 7 99 82 14 28 29 10 32 99 24 52 16 25 61 22 38 37 38 56 49 57 34 5 63 84 22 7 23 34 0 34 37 2 10 44 72 5 55 74 43 47 4 18 57 50 3 77 59 22 55 40 58 27 94 15 20 29 78 82 27 86 63 52 0 18 14 39 43 61 63 54 2 31 9 82 88 62 39 43 64 45 53 28 11 57 35 22 6 27 76
34 45 85 37 58 59 3 13 50 36 88 87 81 97 51 52 16 11 27 24 16 55 42 93 62 84 80 73 78 99 34 90 87 26 22 76 95 28 9 66 47 11 54 54 42 43 20 68 47 56 35 92 87 70 60 47 18 19 94 71 87 4 63 46 8 65 46 39 47 59 7 38 42 83 80 7 27 10 42 98 70 31 97 45 43 17 26 83 84 65 74 88 80 69 75 82 20 76 17 23
22 77 81 73 80 10 21 26 60 6 8 10 58 40 89 81 20 72 71 17 52 85 11 95 65 78 7 13 72 66 73 7 2 91 58 82 67 65 81 25 97 70 99 35 6 68 70 63 80 50 1 18 36 35 39 28 91 51 41 36 4 25 0 42 48 84 49 84 75 26 77 23 67 94 24 31 1 93 30 26 25 5 10 40 88 39 74 1 69 3 79 31 86 12 7 42 7 43 40 2
9 58 63 41 69 57 76 57 15 94 44 63 57 29 84 46 4 74 26 57 51 84 36 2 46 81 37 68 13 54 17 49 8 20 64 14 43 54 67 72 81 90 33 14 95 58 0 46 13 51 66 47 34 25 34 18 19 75 62 30 78 73 5 45 92 56 42 71 26 69 83 22 45 1 23 65 31 40 7 93 23 39 28 61 13 40 51 66 29 30 76 64 19 27 4 23 73 14 41 86
9 63 15 29 33 61 33 5 63 31 47 18 35 82 56 3 92 17 6 74 64 85 6 36 85 87 94 90 5 28 35 96 9 35 9 58 41 82 72 25 23 2 25 93 63 14 90 62 91 18 0 13 35 19 28 90 60 24 48 93 25 8 16 26 35 81 34 92 81 80 65 34 37 70 37 85 1 9 98 87 73 90 26 80 49 41 80 70 22 3 78 75 14 45 2 63 65 44 33 63
98 57 88 49 20 69 48 74 24 25 4 65 74 99 85 57 41 32 3 27 66 87 28 69 3 10 12 74 16 67 53 20 56 43 32 98 44 53 13 62 50 69 32 94 10 83 58 31 39 17 35 48 85 52 32 65 82 68 99 33 4 26 34 31 83 96 24 0 83 73 74 77 72 75 55 1 95 8 62 73 32 29 20 4 43 9 16 17 42 49 6 93 29 64 60 90 49 99 28 39
63 66 75 21 3 56 23 92 39 97 76 37 59 54 86 51 33 60 53 31 34 20 68 67 11 73 39 35 17 50 30 70 39 12 63 7 41 17 10 72 86 91 39 26 1 48 6 53 5 65 0 74 29 18 95 17 29 10 42 43 98 26 54 21 6 44 56 77 61 21 37 16 24 18 13 14 87 48 38 2 63 1 36 37 20 3 31 38 69 10 28 87 18 26 51 5 6 7 57 67
83 51 20 16 59 51 38 32 92 83 57 68 14 84 91 51 73 51 4 5 0 64 57 64 90 95 42 52 96 17 26 40 84 85 99 23 88 70 11 61 36 82 94 55 36 96 64 47 62 24 80 44 82 27 2 5 47 82 26 75 60 40 48 53 7 41 61 41 51 84 26 83 28 49 10 73 98 84 99 79 60 81 36 62 51 72 74 24 85 64 71 81 60 40 96 1 59 54 35 86
46 53 16 57 35 19 44 80 77 45 45 69 13 80 61 15 72 46 46 86 38 54 94 80 36 30 92 83 66 48 2 44 45 8 62 84 24 49 85 56 34 22 95 0 76 10 35 99 41 27 15 73 91 57 89 95 60 64 65 61 30 55 40 85 16 96 35 81 50 25 33 0 19 27 79 10 50 94 69 81 70 47 75 45 28 6 62 79 67 44 35 78 19 20 76 8 66 23 18 36
45 1 54 22 22 20 33 70 53 33 99 76 28 47 14 78 59 5 50 75 16 60 89 39 85 91 43 40 85 15 9 20 32 76 66 80 96 58 55 99 25 25 33 74 21 56 47 82 60 94 51 65 85 39 33 61 27 97 99 60 9 97 54 30 1 89 18 6 39 0 8 31 46 80 30 4 60 13 58 44 19 74 77 12 56 81 83 77 3 26 97 50 22 35 64 39 87 19 89 37
41 31 12 66 98 8 77 35 32 81 24 12 57 43 93 90 5 81 54 32 85 80 44 72 15 76 79 78 85 52 48 22 63 45 44 74 16 12 69 18 78 63 31 15 24 23 6 92 98 60 52 72 41 18 92 71 60 33 48 90 35 91 10 67 43 10 94 3 41 31 25 57 37 42 67 20 94 33 64 56 54 98 55 35 10 10 33 19 0 48 12 22 91 99 75 82 60 86 89 76
12 73 3 75 25 25 43 47 94 45 15 0 30 85 0 48 28 72 78 76 53 55 31 51 0 94 10 63 56 75 81 86 33 54 12 15 65 9 74 67 89 25 81 75 74 47 37 81 17 22 56 52 92 51 50 11 78 39 5 97 78 95 55 50 83 44 33 61 46 5 65 20 91 65 81 32 98 14 85 76 42 2 31 50 8 72 0 97 32 80 66 69 82 93 4 1 89 79 53 50
22 14 42 79 62 77 83 29 39 48 6 45 25 36 10 19 47 29 18 69 64 99 94 57 39 73 5 50 65 73 73 75 96 54 76 33 25 6 11 70 84 30 67 77 2 21 66 29 40 53 84 14 27 38 22 44 59 70 46 79 15 30 54 77 70 48 7 77 51 82 23 42 34 79 49 15 88 33 64 0 55 87 52 81 97 51 56 75 84 5 15 96 91 81 62 73 77 97 95 91
15 95 95 98 57 7 7 41 89 77 12 84 83 25 8 73 84 21 49 35 6 99 35 51 55 97 30 98 52 10 1 98 31 36 20 22 97 49 74 86 85 66 64 99 9 17 24 66 86 4 73 82 85 28 99 53 38 49 60 0 93 57 83 69 18 78 17 50 1 84 67 22 18 92 9 1 82 42 61 16 9 10 91 19 51 91 1 54 91 23 31 92 72 46 40 55 53 27 35 79
25 74 78 77 91 56 50 6 14 25 39 96 86 42 41 98 72 10 84 94 73 48 10 25 13 48 87 43 90 76 32 43 71 1 60 88 46 35 7 99 2 70 49 85 42 18 47 19 25 17 85 73 33 42 60 29 77 37 31 74 89 16 1 96 80 31 86 44 2 68 66 87 89 12 37 40 95 1 53 10 73 18 84 7 92 75 73 36 2 16 49 37 93 28 61 77 14 51 75 40
58 4 21 66 19 85 39 68 84 27 70 67 25 54 71 78 50 75 12 77 34 31 54 77 68 18 26 64 83 84 88 65 93 61 44 29 2 96 64 33 52 73 95 49 52 38 48 95 25 38 72 31 6 84 74 2 26 32 59 30 59 55 88 15 6 50 97 54 24 95 24 10 22 52 55 44 14 48 7 61 83 54 82 93 98 42 1 33 53 97 4 77 1 99 5 32 78 33 99 13
33 16 95 34 11 5 24 49 39 26 3 17 41 7 21 0 26 82 88 54 20 45 44 41 88 33 57 92 13 64 65 27 51 90 14 83 54 28 19 29 8 33 72 39 58 62 26 19 31 67 68 3 8 55 72 66 16 25 24 4 71 95 93 39 95 8 63 64 18 86 24 89 55 10 22 7 58 70 86 10 0 54 92 94 67 87 36 46 33 1 65 98 12 15 86 35 3 54 26 57
46 15 20 44 48 8 1 76 60 51 71 86 26 60 4 19 89 26 93 21 83 96 80 67 29 37 78 95 77 60 76 0 34 44 83 66 83 28 39 92 58 66 10 78 47 54 9 84 44 84 78 34 77 32 30 10 52 18 49 35 46 35 7 3 93 33 67 62 87 49 52 76 92 93 55 34 48 1 23 77 6 3 31 34 99 34 64 10 0 29 96 64 81 93 72 34 22 37 37 89
8 44 7 37 62 38 98 35 87 66 39 13 15 3 9 53 98 62 48 58 16 88 90 2 72 92 45 24 19 12 58 52 4 4 6 2 24 80 36 82 46 22 35 94 19 72 0 50 33 2 92 49 99 2 8 58 52 25 36 44 24 4 85 13 81 59 94 12 48 15 3 94 92 17 91 28 55 30 94 97 40 60 85 58 56 24 52 4 58 10 14 83 9 52 14 93 6 81 15 64
61 71 81 84 24 26 71 32 79 6 20 60 19 17 31 43 70 1 33 93 5 93 71 73 10 41 93 19 82 3 90 46 11 4 31 71 60 98 68 51 99 51 64 75 51 20 90 55 24 88 14 79 73 17 79 63 63 43 53 95 53 95 37 65 82 88 81 49 37 64 62 52 45 52 38 27 74 35 40 9 45 78 51 71 93 47 71 4 51 55 37 30 19 83 87 49 41 15 85 57
51 17 49 66 93 44 91 25 51 34 74 61 18 26 1 75 22 91 75 44 26 92 71 33 64 0 18 32 46 55 90 94 34 21 92 28 10 38 83 96 62 27 34 75 25 30 89 73 3 66 24 25 42 85 52 34 40 29 55 6 63 12 99 55 52 9 73 74 86 10 74 41 87 66 60 31 43 30 4 89 56 92 39 67 38 49 46 25 92 99 53 54 64 44 13 47 79 23 33 54
52 46 37 47 88 21 30 25 63 4 93 90 3 62 0 67 11 71 71 11 15 40 82 93 4 46 73 93 2 37 55 63 18 62 89 63 21 82 90 84 94 1 46 72 84 44 50 35 71 71 13 4 2 58 66 82 86 29 19 95 30 64 60 10 68 22 61 57 23 48 29 84 20 93 43 71 62 90 15 2 61 71 67 15 78 59 20 13 18 50 35 96 21 52 38 80 46 32 52 36
63 96 49 17 26 49 58 48 49 25 4 7 83 37 55 6 18 34 83 37 85 90 98 73 41 15 98 80 9 37 83 24 25 18 67 84 62 5 40 36 74 67 93 78 10 74 5 94 74 66 69 34 52 12 60 12 90 62 10 50 97 31 50 60 4 78 3 23 23 65 75 80 86 61 66 83 11 9 4 91 39 53 97 40 81 28 12 39 85 98 8 16 95 37 53 63 74 97 48 72
75 17 63 77 72 62 66 6 96 76 58 3 44 81 17 28 74 66 27 53 26 86 4 95 18 46 19 46 52 35 60 47 91 67 20 28 95 95 34 74 64 30 5 25 8 1 93 21 55 12 97 67 55 29 47 66 84 70 47 96 91 96 96 24 31 81 65 27 14 45 74 25 4 48 48 23 6 19 31 82 38 47 4 48 24 59 55 90 26 45 95 31 67 5 89 52 65 42 77 19
2 17 90 53 13 67 33 58 4 2 81 72 87 48 53 90 1 41 5 30 76 80 69 81 23 8 72 4 55 9 15 5 60 33 48 98 50 20 64 52 77 67 5 34 31 87 39 19 42 67 97 40 41 4 61 86 38 79 56 35 76 96 21 95 78 10 29 66 85 99 6 35 63 42 87 24 64 21 49 15 0 63 4 13 63 8 60 50 11 10 17 9 27 63 72 85 73 87 46 99
86 16 17 23 47 76 69 73 19 1 69 40 83 41 49 53 82 61 23 42 44 85 74 70 71 22 94 63 10 2 42 37 25 85 71 22 24 7 90 36 30 85 68 11 45 8 63 32 42 18 48 85 79 79 0 73 96 40 6 7 10 46 95 89 75 7 16 26 0 21 46 56 47 90 65 97 72 73 96 72 24 50 52 90 13 39 83 91 39 88 97 85 3 7 63 36 11 77 76 84
73 14 33 83 91 56 94 1 12 14 81 63 18 96 11 15 58 17 1 22 45 67 9 81 91 65 81 76 44 12 88 83 98 8 18 50 14 43 5 41 24 95 26 66 5 36 53 94 77 30 74 28 84 1 0 91 26 45 83 61 46 74 72 2 18 81 69 88 88 99 27 59 63 57 12 69 60 76 17 94 38 62 76 60 87 14 53 0 6 71 94 53 72 64 5 19 27 9 47 62
12 48 26 46 99 34 5 31 49 38 27 88 81 1 47 53 76 48 39 25 18 4 92 27 27 96 29 1 36 40 46 52 51 8 42 96 92 82 64 13 55 42 92 67 12 71 62 7 54 86 29 31 39 13 54 22 39 12 82 97 33 79 67 96 89 60 47 41 49 13 70 88 86 98 82 19 90 71 15 12 69 86 34 88 22 27 41 43 88 94 34 8 16 39 23 52 49 40 81 69
30 75 24 17 85 77 45 56 5 68 73 4 55 58 47 3 34 70 64 38 7 76 56 81 26 34 25 46 9 54 74 18 0 83 65 66 90 50 54 97 26 55 14 27 44 84 65 83 54 36 47 0 88 49 47 86 2 2 20 64 67 60 42 2 32 8 97 37 55 20 66 82 79 95 43 73 34 41 64 9 6 6 5 64 11 37 69 39 12 62 89 10 61 51 53 2 81 48 27 22
71 29 95 65 60 68 97 78 33 49 10 87 5 65 49 14 10 87 84 18 20 30 83 59 72 93 86 55 97 92 4 67 26 85 69 19 25 58 17 12 55 21 79 76 0 86 45 73 83 0 58 29 5 10 88 17 44 11 71 34 66 5 91 43 76 43 9 17 34 81 71 35 8 61 14 70 42 21 97 71 5 9 66 61 54 48 26 38 70 59 75 84 76 67 87 36 57 82 89 16
35 31 85 56 85 12 65 39 88 27 24 70 67 13 58 95 97 62 35 83 99 34 15 36 49 25 88 47 66 91 64 85 4 53 27 18 54 48 71 11 78 74 61 43 21 40 96 8 26 35 49 92 54 83 68 37 93 13 66 67 54 67 10 81 82 10 92 44 31 27 39 58 44 11 95 37 82 69 63 66 93 83 29 19 2 29 21 38 96 47 91 93 57 5 27 93 68 86 11 27
21 81 37 42 64 85 24 18 90 21 9 55 91 97 84 53 19 80 86 90 51 39 63 19 43 18 12 50 62 47 57 1 67 73 95 33 38 98 98 25 96 12 74 94 44 93 11 14 69 51 53 71 50 11 53 82 60 9 45 22 33 93 63 79 4 0 7 73 94 83 5 54 83 72 31 28 67 37 67 63 18 7 63 75 10 22 93 55 9 8 51 57 59 8 41 16 25 78 93 65
16 60 82 96 54 87 58 8 18 82 32 77 75 38 81 3 52 46 46 79 77 92 54 26 98 77 29 45 19 76 45 13 58 84 33 5 42 63 7 13 87 56 97 91 55 78 89 21 15 58 23 48 62 43 9 39 69 98 78 48 37 9 77 65 92 53 38 72 57 39 12 87 0 9 22 15 84 54 19 93 80 81 36 0 58 92 60 36 90 82 26 58 46 90 52 98 34 58 68 18
20 73 73 53 36 26 41 66 56 97 65 96 7 60 22 51 3 52 3 73 36 84 79 83 28 92 2 28 24 90 19 96 54 61 70 52 92 30 67 59 13 92 23 97 92 99 19 30 33 7 28 78 47 32 5 53 53 92 66 65 1 82 78 21 5 3 44 70 43 69 35 67 34 84 22 4 64 36 83 41 30 81 7 93 82 99 86 0 12 14 77 40 71 36 6 99 97 63 21 11
65 63 67 0 11 13 58 72 5 30 44 90 68 88 95 68 84 81 44 64 37 98 24 55 89 63 0 84 60 42 35 84 56 53 13 75 82 28 31 2 51 21 20 37 70 18 1 20 87 16 18 17 99 97 14 81 91 38 29 86 66 61 83 77 27 16 35 58 11 19 50 50 82 10 2 88 47 25 38 33 59 14 49 81 97 62 59 17 27 86 18 74 88 3 39 52 14 93 94 93
32 17 89 60 85 39 20 42 20 87 78 79 2 49 78 76 26 50 50 13 86 84 5 1 15 39 88 80 16 0 73 16 10 22 30 98 92 48 25 71 76 47 35 22 23 48 63 41 69 35 38 38 91 26 94 31 49 76 27 60 43 71 92 44 3 32 48 25 40 92 12 55 5 66 66 56 13 65 42 50 39 50 97 15 43 94 62 80 98 99 60 59 83 38 69 65 6 30 40 21
70 66 28 82 90 20 84 73 83 43 68 34 39 87 3 95 18 38 84 92 20 2 49 75 12 77 31 6 19 53 21 84 80 94 91 58 90 2 29 93 21 3 55 37 70 36 11 61 51 25 79 11 50 26 24 57 6 95 79 69 27 32 20 60 27 14 43 24 96 24 81 85 31 81 41 1 31 63 81 94 69 54 26 55 68 6 14 75 80 75 72 77 30 9 0 81 83 59 70 48
45 15 36 6 74 31 45 95 20 99 21 90 61 90 76 37 9 8 15 89 54 85 36 80 36 89 61 86 65 16 22 80 6 99 36 58 56 1 77 93 26 14 72 37 37 6 6 17 80 72 79 11 26 1 38 24 73 46 59 8 85 11 44 32 59 71 46 94 38 36 4 19 87 37 40 30 41 4 25 64 53 99 78 69 0 43 79 7 9 6 20 18 48 72 8 41 57 58 58 2
54 60 50 37 54 3 70 12 63 17 88 43 23 88 44 24 94 61 45 40 5 65 69 12 16 14 92 44 67 30 69 19 97 8 2 51 29 13 34 60 32 39 83 78 66 21 69 1 96 4 16 56 51 22 45 68 85 2 98 30 92 32 19 86 7 97 31 89 14 35 34 22 6 37 80 53 9 16 3 91 43 93 91 7 31 35 35 78 69 91 88 87 90 47 72 71 98 36 42 57
64 90 96 2 85 58 15 87 4 29 95 49 40 39 84 14 79 35 35 72 18 78 28 7 93 0 23 59 78 19 49 39 90 61 36 90 85 34 29 45 5 44 84 81 95 63 15 46 47 46 3 57 90 37 46 72 41 59 23 45 85 47 27 37 63 88 25 13 70 46 26 80 25 57 55 29 8 65 83 20 1 70 93 46 46 69 96 58 9 46 60 73 41 12 15 78 51 9 86 56
57 1 48 16 6 20 40 43 63 43 29 83 0 11 8 79 19 10 29 0 7 10 5 14 50 40 79 28 91 65 4 85 40 67 45 37 33 88 54 12 70 39 59 12 19 4 15 5 56 81 25 31 73 10 24 64 67 91 74 0 33 32 60 54 86 86 99 60 32 92 45 20 41 25 98 76 56 60 4 38 99 75 8 28 91 65 91 33 31 81 98 58 29 90 91 97 83 7 34 34
60 81 21 83 48 90 79 31 63 8 76 3 9 42 54 64 60 46 32 22 89 15 95 65 23 12 29 6 84 96 96 36 33 79 85 48 45 87 13 35 21 76 70 6 92 88 2 17 52 14 61 96 1 67 10 51 80 20 14 61 41 63 63 54 59 48 11 28 21 90 50 42 57 66 90 85 92 71 46 38 59 54 62 19 42 25 70 91 11 67 7 48 94 81 46 31 41 6 85 93
52 70 39 98 3 83 63 34 88 85 18 24 21 61 48 64 83 10 1 92 96 44 75 14 86 90 84 73 8 30 41 16 63 26 40 53 92 50 73 47 81 49 5 41 1 50 66 21 61 82 59 43 17 69 45 95 82 53 93 87 71 23 86 40 67 39 22 11 46 95 37 35 1 17 65 99 63 66 29 13 29 10 34 10 75 61 18 70 18 21 95 66 79 61 50 29 69 58 40 62
53 71 20 39 7 2 98 57 42 99 13 10 45 3 48 83 4 68 71 23 88 40 2 11 2 85 90 0 37 29 68 20 31 76 8 81 27 17 98 48 40 63 29 98 29 79 36 95 68 74 31 82 70 92 88 48 73 3 48 73 36 26 20 97 9 69 96 72 97 51 88 30 49 49 18 10 64 89 66 48 32 63 33 26 92 5 53 78 68 30 8 73 37 4 50 49 99 37 57 51
34 94 0 99 37 56 54 42 52 45 2 10 37 12 45 95 67 10 12 67 61 73 72 39 25 39 69 98 29 56 26 69 64 99 27 38 40 54 40 90 95 10 59 32 16 99 64 94 26 30 28 97 18 17 79 29 34 55 99 96 72 83 52 97 65 27 91 40 25 11 95 6 4 70 17 64 14 62 50 31 16 44 77 92 19 51 74 14 94 64 3 64 64 49 74 24 24 59 95 6
44 23 41 85 10 7 94 2 9 22 19 68 26 62 84 44 43 68 56 67 65 59 57 20 91 11 94 69 23 37 64 82 13 79 63 9 80 87 72 63 20 54 34 75 40 40 97 64 36 19 19 10 75 44 1 74 9 74 64 30 24 58 72 23 71 68 39 57 89 61 4 66 41 63 63 36 21 29 2 23 51 18 83 51 33 23 99 37 57 41 95 67 50 58 13 34 77 3 26 70
55 6 71 78 13 1 44 20 8 13 48 97 32 93 17 33 61 75 9 79 10 14 50 69 81 12 42 43 50 66 10 65 74 29 71 37 13 76 6 21 54 6 50 52 47 32 11 56 51 98 67 14 75 1 30 21 19 3 37 8 76 74 2 98 36 47 22 51 54 60 81 10 58 4 26 88 49 29 60 80 0 1 49 39 44 3 61 25 18 18 21 7 45 89 2 96 27 99 4 79
81 31 94 81 35 64 31 81 56 23 96 22 60 88 20 85 69 25 60 80 12 11 38 66 89 54 69 62 54 57 4 53 44 44 52 25 67 21 1 62 34 25 80 82 23 76 47 13 72 18 25 88 17 46 67 17 54 4 49 46 1 24 2 37 65 9 33 99 73 10 72 32 7 54 28 58 67 72 72 96 24 23 13 75 62 7 49 86 84 62 57 34 21 71 41 90 76 19 7 31
34 31 43 76 97 9 26 83 61 85 16 95 27 52 28 91 38 14 59 95 21 1 16 82 77 81 67 68 66 27 67 0 33 50 41 63 32 8 22 96 76 45 70 22 35 60 97 52 21 73 19 59 91 48 14 33 78 27 51 99 69 62 58 79 39 27 85 96 8 35 83 96 30 68 25 45 31 59 2 49 43 21 72 13 30 79 17 49 79 16 18 96 62 12 63 59 52 59 28 60
85 87 12 35 68 47 61 45 63 93 46 69 79 82 36 9 95 19 33 10 77 24 35 79 5 11 30 80 21 1 47 27 86 70 53 35 85 86 43 53 23 41 11 77 25 81 17 9 63 69 8 18 36 23 63 73 86 78 69 61 21 6 32 98 54 99 61 61 36 4 95 73 2 11 84 13 85 6 9 34 29 8 56 85 90 50 5 77 14 40 61 95 53 98 62 49 6 60 9 36
74 74 37 1 88 78 33 17 55 22 93 71 16 70 77 83 83 26 45 68 18 43 67 39 7 86 58 84 41 79 54 48 3 91 79 8 95 6 22 58 64 82 5 60 41 97 65 34 90 48 27 97 44 31 70 59 80 31 25 44 8 4 92 79 51 97 8 49 23 4 17 4 42 4 86 92 19 24 19 1 72 68 92 9 78 56 59 57 22 68 23 59 99 22 12 95 68 17 48 82
6 64 17 72 2 35 47 16 74 76 94 46 72 40 65 95 29 16 52 34 90 39 57 89 6 82 98 38 84 59 63 98 44 36 48 44 90 98 68 19 26 64 31 23 4 60 26 92 88 40 88 65 71 33 94 4 74 96 79 99 16 56 2 32 19 48 38 96 12 47 49 79 23 53 96 20 10 15 10 71 0 66 16 0 40 85 42 28 73 97 29 34 75 73 11 34 88 17 60 59
42 61 85 67 47 76 96 81 12 92 4 98 43 9 69 16 44 58 70 18 22 41 75 80 57 85 3 38 12 81 84 82 65 49 95 89 16 58 84 60 67 56 48 3 24 48 86 56 30 23 39 57 57 52 90 87 80 94 29 78 6 53 27 39 82 67 34 37 5 64 65 33 68 33 11 5 67 52 90 43 44 45 4 3 5 57 22 66 21 50 0 31 90 42 57 76 19 35 78 91
49 1 2 58 56 75 8 93 6 97 93 40 44 88 92 98 88 50 82 14 44 68 93 67 83 13 31 96 44 7 74 34 82 48 75 36 45 44 96 31 87 78 98 19 98 85 26 7 89 29 66 57 64 42 87 54 53 34 78 49 64 64 28 87 77 43 43 82 16 54 27 97 77 0 49 57 35 38 41 31 50 8 74 91 89 44 67 55 1 57 58 27 4 75 88 16 79 88 47 83
23 19 95 13 69 56 7 65 6 68 27 78 33 23 93 65 29 76 77 87 9 54 27 75 26 33 22 67 26 17 61 42 95 12 74 21 76 59 58 53 21 27 35 23 47 66 42 94 24 17 39 58 79 63 96 58 24 90 24 52 92 15 57 55 33 83 90 15 82 95 71 32 59 4 42 60 96 56 3 45 29 90 60 8 36 69 26 72 29 41 49 3 52 37 19 72 86 30 84 32
31 94 53 47 59 76 66 88 60 37 80 47 70 51 59 58 45 25 94 15 19 76 32 37 69 66 85 8 44 61 25 29 95 6 90 14 86 78 6 90 84 9 60 4 90 61 79 0 78 56 37 35 94 84 37 82 15 0 25 4 40 70 23 92 64 41 26 35 52 9 28 14 64 97 68 32 77 79 26 61 83 2 51 7 48 15 25 26 19 30 61 66 79 8 99 63 44 25 45 89
43 66 40 27 4 42 71 41 99 99 27 4 57 45 75 34 17 4 43 4 68 44 83 56 43 76 92 86 18 41 39 41 66 84 93 51 81 94 61 38 53 95 48 16 72 51 65 66 59 61 32 46 25 0 12 2 43 79 58 14 97 90 4 44 10 70 30 61 72 14 45 11 31 85 53 23 0 14 54 36 10 88 1 42 12 47 7 58 10 91 17 55 11 10 2 5 38 96 95 54
97 58 11 50 7 50 30 54 47 43 48 0 97 48 9 11 56 22 54 3 70 58 58 35 35 45 67 91 73 68 28 42 60 95 97 38 22 83 24 78 19 31 97 4 77 87 50 31 3 70 65 74 29 7 84 57 51 23 30 61 23 6 9 58 14 74 10 23 30 47 48 33 9 62 11 39 73 5 25 61 74 89 14 51 52 73 21 7 10 72 1 79 85 10 44 46 84 76 61 26
92 93 11 92 28 55 3 79 54 98 59 81 72 61 70 36 83 52 30 28 66 17 67 85 74 18 48 92 87 79 18 6 62 99 95 79 39 86 74 59 94 44 20 80 38 58 83 94 10 51 0 45 25 0 28 96 91 78 80 75 85 72 57 17 12 42 44 87 54 81 87 37 21 71 18 58 69 77 28 61 11 75 27 33 47 4 64 85 68 39 7 74 17 43 58 89 27 19 16 84
12 60 20 44 16 60 67 61 41 53 99 36 56 54 12 93 59 23 24 53 13 56 35 6 95 20 54 71 87 23 50 55 45 11 81 15 84 34 5 79 35 71 95 76 24 47 20 0 8 24 77 73 25 96 74 5 80 87 66 74 54 77 61 35 29 49 41 41 2 26 83 37 35 10 64 23 28 33 99 6 42 60 64 44 96 47 6 53 87 28 79 89 46 85 5 94 93 28 81 11
46 77 64 85 13 79 81 89 71 54 98 29 42 69 15 37 82 31 15 56 51 19 78 27 25 40 62 97 83 66 50 56 5 83 99 16 92 75 19 75 88 39 29 70 99 40 78 48 39 25 13 86 34 84 68 74 26 7 90 52 78 17 4 39 2 31 26 68 78 12 31 95 92 39 17 13 81 17 53 31 83 78 89 24 94 7 41 79 49 82 26 11 39 94 50 0 13 90 31 69
3 94 84 66 28 48 29 61 9 56 0 71 88 88 93 2 72 87 57 3 6 35 25 26 69 67 19 73 0 72 2 35 17 56 43 34 97 58 67 45 76 16 72 93 42 97 94 43 83 40 25 65 74 27 0 81 65 75 9 13 96 76 12 10 79 11 12 67 15 87 19 13 48 29 89 95 7 17 13 36 27 34 38 98 24 75 18 98 44 68 59 14 52 54 84 14 25 91 40 87
13 99 14 17 71 98 91 39 66 0 42 66 85 24 8 88 19 8 86 13 39 7 7 39 73 80 65 34 52 71 65 84 29 8 86 42 87 3 75 43 80 41 98 42 45 40 61 52 19 90 4 14 48 2 32 5 89 77 20 83 98 83 90 22 63 48 21 49 24 78 47 33 53 24 3 1 4 16 50 91 49 53 84 51 11 35 88 62 25 86 48 45 34 70 21 92 23 50 42 14
45 5 23 29 37 66 18 5 44 87 23 29 73 15 97 31 27 16 76 77 29 53 39 65 52 51 48 88 73 42 61 50 24 60 31 5 52 76 93 89 4 19 23 27 92 81 19 32 59 97 41 26 29 65 22 61 19 34 91 82 15 48 52 96 82 45 56 36 64 84 64 54 76 82 76 45 10 22 3 59 82 61 33 52 69 58 86 43 82 39 83 38 46 21 20 33 8 64 11 80
14 39 14 64 5 61 29 73 24 30 91 15 5 82 81 12 90 25 5 29 80 58 24 66 49 7 0 44 2 2 36 89 35 86 39 67 64 16 21 27 28 39 69 44 40 35 36 72 89 5 38 28 25 23 6 82 89 43 9 91 97 28 68 86 66 8 86 97 1 16 48 36 81 61 29 92 40 39 74 82 33 34 76 93 2 72 83 25 30 83 60 18 90 52 15 3 40 97 89 2
10 32 63 85 54 59 93 45 91 93 30 49 46 50 65 28 66 23 69 7 37 11 58 35 18 57 92 79 7 74 86 67 73 12 78 52 44 89 55 9 30 68 3 95 40 95 75 16 48 79 9 73 27 74 18 35 68 17 91 67 62 35 28 33 85 39 67 44 4 96 59 45 11 7 67 17 6 23 92 25 31 66 69 15 70 64 29 95 52 60 50 7 56 4 32 83 87 23 17 20
96 21 20 83 44 39 85 5 91 94 84 99 18 55 85 65 3 41 22 32 48 34 25 19 87 34 66 6 95 19 68 99 94 15 4 24 41 18 92 44 94 49 95 44 23 66 89 47 20 61 53 19 13 62 81 51 14 80 6 86 67 90 22 64 8 21 53 49 21 33 88 59 63 75 99 39 17 13 48 96 55 17 99 68 14 8 24 65 91 72 26 37 1 37 35 82 93 30 25 8
22 66 52 48 41 75 52 3 61 91 38 47 93 57 86 68 86 1 46 7 74 99 66 64 87 33 87 63 63 5 43 5 52 47 86 0 2 93 71 63 14 54 83 10 3 83 89 4 84 41 23 84 22 35 90 74 92 97 80 84 93 75 27 90 46 31 40 70 60 54 14 21 63 52 74 63 74 37 47 12 75 45 50 25 56 40 16 29 50 76 39 28 25 48 86 57 5 34 75 81
98 89 87 6 96 56 94 30 67 57 25 23 66 10 29 59 96 32 78 99 61 98 37 2 73 27 66 70 49 31 43 75 23 76 95 10 52 39 69 7 55 78 10 52 82 71 62 4 35 48 8 20 33 44 20 12 53 6 59 96 54 6 62 98 53 2 91 76 18 31 61 40 50 57 98 77 49 87 76 2 47 51 53 32 44 81 53 76 71 17 37 37 80 30 25 56 71 6 95 69
37 17 63 44 33 71 85 19 69 90 62 87 31 86 48 39 22 7 11 39 5 55 71 35 64 71 50 0 97 73 64 15 58 64 25 92 12 44 7 83 94 46 63 67 75 76 31 69 81 46 56 60 33 89 87 24 25 35 28 44 82 1 37 51 28 77 56 35 15 59 25 18 78 27 1 56 57 67 18 43 2 87 44 87 36 62 78 92 86 13 19 17 65 91 72 27 8 46 24 37
59 20 71 43 53 39 88 83 12 25 93 12 29 12 53 29 9 49 75 72 64 27 64 73 90 9 44 24 83 14 30 86 19 70 84 25 41 15 89 35 36 74 75 64 55 72 11 0 33 22 50 94 71 46 50 58 65 21 73 7 89 77 57 16 57 9 60 8 39 30 75 49 92 77 96 47 80 80 95 8 45 34 58 90 45 12 85 58 8 37 11 51 87 41 5 87 50 54 11 29
10 77 96 55 97 29 15 83 90 81 25 45 14 14 45 39 80 1 81 21 96 62 85 29 40 67 42 74 30 31 14 83 24 42 88 83 83 94 86 29 94 83 95 46 39 37 6 73 11 45 70 49 22 14 32 79 39 90 79 80 72 50 3 74 3 21 57 51 25 30 56 24 68 0 87 17 60 19 42 68 13 13 37 65 38 23 88 62 96 39 64 63 33 34 36 96 72 93 57 83
30 67 99 54 72 19 25 50 93 79 85 27 85 23 40 7 77 94 41 53 36 50 70 22 37 64 48 78 94 66 15 40 94 53 16 39 43 26 89 24 68 86 13 81 16 60 31 49 87 66 98 89 82 36 75 99 22 57 8 51 55 69 36 48 35 39 89 63 1 61 11 9 15 62 80 24 32 79 40 74 52 82 38 11 55 74 87 58 55 96 40 84 61 71 81 19 3 46 82 41
57 62 9 13 10 14 55 91 7 33 57 76 73 43 27 16 78 78 93 92 16 51 80 52 9 93 81 83 80 9 8 86 94 85 6 96 99 48 57 18 23 99 31 95 79 71 44 33 18 71 51 79 60 46 9 3 35 51 50 35 11 19 37 30 77 97 79 80 42 0 20 9 24 64 9 15 10 25 7 54 26 45 54 4 75 67 10 8 45 66 98 62 43 23 93 68 7 99 20 20
94 86 50 99 50 29 35 25 30 26 59 42 77 1 70 56 60 2 85 85 47 38 27 87 13 56 25 64 39 13 62 84 35 51 33 81 68 81 82 95 93 8 59 17 40 36 93 50 24 68 17 42 56 74 20 53 10 71 78 20 65 41 34 86 43 84 99 70 33 73 32 41 35 31 79 53 75 47 89 76 14 42 76 88 28 91 10 55 79 21 37 80 32 49 52 79 33 53 71 18
46 67 97 42 86 59 29 47 77 87 42 35 36 4 92 33 27 36 41 4 78 3 89 81 67 29 69 97 84 11 32 5 15 31 59 34 21 78 11 66 9 63 4 86 7 33 46 15 66 35 24 2 98 91 86 10 71 39 65 37 17 51 16 15 62 29 41 6 79 21 92 53 60 33 3 74 61 85 44 49 46 19 2 30 72 95 73 18 64 59 64 10 61 12 12 51 35 80 6 35
13 10 76 4 4 78 34 8 71 57 15 77 98 95 62 50 63 86 89 70 13 29 44 51 75 11 69 64 19 30 17 85 68 1 74 71 44 61 13 36 26 46 59 28 46 20 93 41 41 15 64 25 0 81 68 85 58 77 58 59 19 74 32 89 80 44 22 94 16 27 53 37 94 85 34 87 4 98 66 99 81 81 79 58 30 89 17 26 9 89 80 62 77 95 18 11 14 1 48 0