20 100

25 93 62 7 60 12 56 61 21 42 97 93 88 19 93 57 26 54 44 65 37 14 31 34 57 31 68 58 93 87 60 98 72 59 1 45 89 73 50 46 96 66 53 67 97 30 27 35 66 68 80 39 17 47 47 80 87 53 72 37 85 73 10 10 44 82 96 50 31 90 0 77 83 90 93 57 50 81 18 5 83 86 74 9 64 92 77 35 70 62 15 97 15 46 33 14 82 23 79 35
38 82 7 40 6 14 19 30 72 37 18 98 43 57 5 84 97 16 13 70 59 32 49 29 36 68 82 94 95 55 86 76 42 0 5 76 34 3 83 90 95 90 1 19 34 21 15 59 15 49 45 61 28 82 48 66 86 38 66 53 79 88 48 91 53 17 5 24 89 5 71 51 10 16 23 11 29 92 98 25 14 78 24 55 60 43 62 25 77 73 62 82 55 76 0 20 98 97 95 66
1 35 40 69 61 50 66 5 96 43 82 65 40 88 98 12 8 63 94 30 37 64 34 19 46 26 58 91 58 10 56 23 96 9 15 4 79 29 23 18 76 61 72 25 99 62 27 5 35 90 85 13 92 18 79 68 28 27 95 37 38 29 5 83 0 73 97 17 84 76 82 90 93 90 81 57 29 20 27 85 52 81 53 56 0 77 19 52 43 25 36 47 36 98 69 77 59 78 19 89
34 45 50 37 45 45 79 56 11 42 43 41 81 0 90 19 13 11 71 17 89 23 39 16 44 18 11 98 88 1 9 67 57 78 39 63 78 38 96 40 55 41 12 50 29 10 80 86 37 44 31 21 28 53 22 84 94 63 74 22 73 34 6 53 52 35 98 89 63 91 2 81 85 59 55 68 85 52 58 59 10 76 84 82 5 66 90 26 78 96 31 31 65 88 52 27 23 47 72 45
44 89 25 9 35 99 53 35 38 56 81 91 81 39 52 33 41 86 10 91 48 40 81 50 16 50 95 60 6 45 87 53 87 35 75 52 72 38 35 74 63 87 53 6 59 87 33 16 86 81 20 48 1 5 21 42 10 40 92 67 15 18 77 85 79 6 24 86 14 66 86 55 65 35 28 51 89 62 80 53 13 41 12 52 49 75 58 34 10 51 47 86 89 16 88 1 15 7 2 30
25 42 13 88 55 40 52 37 10 8 12 56 25 46 84 94 30 92 32 80 19 85 88 92 87 93 59 53 76 71 15 75 1 79 43 1 65 21 95 9 59 7 55 42 93 79 55 96 20 85 52 37 62 33 34 82 21 25 44 23 31 36 84 72 7 59 16 70 73 35 34 24 71 63 20 37 96 49 81 90 47 6 48 93 30 41 27 18 79 49 41 25 21 99 53 91 81 79 7 68
65 38 80 13 4 30 70 62 97 48 38 95 77 79 38 48 20 12 74 95 16 86 17 90 99 98 51 22 54 68 20 15 87 34 33 0 31 1 51 53 34 36 53 79 99 41 96 58 79 23 32 92 80 31 8 92 78 72 72 30 62 34 79 60 48 67 80 87 93 45 29 53 52 9 69 14 12 6 90 56 15 23 29 97 79 5 70 19 99 93 98 16 97 29 1 30 11 34 71 44
36 90 22 1 82 44 65 76 40 64 95 45 21 47 30 74 24 65 32 68 62 13 92 26 27 55 74 49 15 62 65 56 10 83 13 26 43 2 85 48 52 83 96 85 41 10 51 58 2 63 16 87 78 10 13 45 43 31 88 31 39 67 49 93 43 34 17 49 52 9 52 55 85 32 16 16 26 55 81 68 30 83 0 42 81 45 15 64 72 15 88 12 26 73 63 75 59 53 47 57
99 70 25 88 7 21 70 18 98 53 90 37 37 50 69 91 23 43 85 45 21 83 33 35 15 76 42 2 55 27 89 34 56 3 2 15 43 18 98 0 99 76 26 0 68 37 10 57 79 37 44 42 0 84 24 88 99 56 32 8 74 24 21 11 99 76 66 4 61 72 15 58 37 29 72 84 64 41 88 89 44 72 10 53 88 55 82 48 7 91 8 72 56 88 91 10 55 21 8 78
34 91 46 66 33 26 98 27 9 33 90 43 90 79 35 47 76 84 15 45 2 52 46 71 95 28 59 67 51 23 79 56 53 64 29 41 85 54 12 56 68 97 54 61 96 63 89 14 29 5 70 82 33 58 12 92 30 4 73 29 75 54 38 24 41 77 47 9 69 90 67 28 20 97 13 61 38 36 79 47 59 73 34 12 1 72 21 16 6 24 37 58 85 88 80 10 7 17 59 55
67 69 79 4 77 93 32 94 5 90 7 79 97 91 47 31 34 49 8 62 28 85 39 62 9 18 53 42 8 61 72 45 87 92 31 1 8 67 3 45 72 31 97 78 17 60 8 29 39 1 7 20 62 43 17 12 17 17 19 97 94 19 68 54 26 13 18 23 17 68 19 32 71 52 47 73 62 67 90 93 17 34 8 90 0 31 52 4 61 14 33 30 1 38 76 86 24 11 23 6
69 89 16 40 75 78 13 6 25 98 24 87 56 74 50 9 44 11 90 39 86 94 45 67 37 70 30 19 87 55 23 82 92 99 35 83 41 44 51 79 67 14 35 13 82 39 69 25 98 32 73 88 76 91 76 72 66 91 31 57 34 86 82 75 17 97 75 18 72 90 25 25 64 96 7 15 22 79 46 94 74 42 62 68 13 81 5 99 27 84 4 29 27 83 53 77 2 15 17 9
51 19 33 24 24 49 15 77 82 86 85 29 20 86 51 38 89 23 38 48 97 74 69 76 65 98 24 11 62 62 57 8 80 27 91 44 31 35 30 4 70 45 11 80 31 59 36 87 8 55 0 29 73 17 31 65 60 8 1 48 25 2 15 67 48 48 1 79 93 8 66 63 8 3 33 91 29 45 56 18 71 58 35 89 45 71 31 92 45 60 37 76 29 8 2 97 21 37 54 21
56 10 80 58 54 93 90 75 78 48 63 97 35 92 47 8 16 13 79 19 19 24 10 71 95 81 1 40 51 39 10 17 21 95 42 86 0 61 58 79 60 86 84 49 59 96 19 2 91 83 90 92 77 67 35 20 23 46 13 50 50 39 94 64 25 26 84 10 94 86 15 46 63 80 95 63 77 63 49 29 69 95 52 22 79 71 0 59 17 41 45 21 51 44 77 80 10 66 87 72
63 69 31 30 61 42 34 80 10 36 60 20 91 71 25 49 29 85 4 14 42 90 96 65 45 83 9 7 91 61 33 73 96 70 54 3 77 51 76 6 78 69 8 11 96 30 7 1 93 78 32 5 8 63 51 10 54 15 8 72 14 29 17 64 11 18 55 39 14 45 71 5 68 96 14 28 14 37 85 44 51 85 68 95 86 9 94 39 47 49 11 73 17 52 85 41 81 9 1 0
26 33 82 6 47 28 15 78 25 83 97 48 47 5 41 56 72 68 8 10 62 80 60 85 15 96 76 60 90 76 76 70 66 87 70 82 56 99 74 11 41 28 35 63 8 3 94 54 23 71 32 96 16 52 74 92 20 89 36 48 56 41 94 2 67 0 60 45 43 46 0 4 14 67 36 32 93 64 22 48 17 87 27 37 75 99 11 52 5 74 86 3 66 36 78 11 29 73 16 39
86 57 78 40 82 48 58 21 28 86 38 11 41 61 66 37 66 42 36 68 1 21 34 19 83 84 83 33 68 28 86 39 74 46 8 36 99 31 90 91 43 96 90 10 16 64 54 19 65 54 13 63 35 85 84 64 7 52 44 39 72 25 99 78 48 10 43 28 5 11 43 64 88 12 32 21 96 14 51 95 83 97 27 15 27 30 5 15 31 96 33 80 20 64 60 66 63 87 91 75
25 48 27 90 41 34 56 72 70 4 56 71 19 18 14 73 70 2 20 43 44 50 44 77 98 43 30 34 29 79 39 23 86 84 59 56 96 22 64 54 69 1 35 71 57 25 28 79 75 43 31 83 1 6 22 22 55 37 91 19 45 74 75 17 81 88 96 4 58 47 88 10 7 69 31 90 15 46 26 75 76 31 10 68 67 81 85 77 78 91 96 77 1 64 42 8 38 99 57 97
29 26 47 7 62 53 35 59 25 76 14 47 76 94 26 86 60 62 81 48 3 50 83 29 98 16 86 4 88 9 76 17 19 28 97 70 1 58 46 30 99 60 20 1 8 37 9 42 61 15 50 9 40 38 33 25 34 55 3 49 59 17 11 34 11 65 11 83 57 35 78 12 75 62 54 32 60 62 45 41 91 90 61 3 40 35 84 92 13 84 57 71 52 39 66 59 73 98 35 17
71 13 19 81 50 42 27 34 48 22 47 73 82 62 52 25 62 33 22 55 97 92 31 7 5 85 22 15 82 66 14 34 55 74 91 67 49 68 39 51 43 8 92 52 79 24 98 77 89 12 67 18 69 9 37 36 78 46 12 64 89 38 63 87 26 98 42 19 86 83 21 42 26 83 92 25 20 6 16 73 23 93 85 44 3 58 85 18 79 22 65 0 80 8 80 54 57 84 40 62