50 50

57 38 57 27 88 13 71 86 78 17 64 46 77 98 40 18 72 26 9 3 94 6 53 25 40 87 77 28 30 20 73 43 99 82 3 45 38 27 59 21 93 24 54 47 75 94 3 37 51 51
45 9 1 5 42 62 78 56 25 48 68 3 33 83 21 59 40 21 81 46 14 74 12 84 10 94 79 42 35 25 67 85 88 65 72 75 2 90 15 30 24 34 61 20 19 75 83 65 9 25
76 76 1 12 81 57 71 30 36 46 88 46 41 97 39 51 10 66 36 45 31 29 72 67 25 81 1 12 25 64 97 76 2 60 34 72 16 61 96 20 64 78 75 8 8 25 70 92 6 80
79 95 30 15 92 45 86 82 29 14 91 56 72 71 65 33 83 54 57 62 51 57 56 87 93 87 1 33 18 46 24 9 72 85 44 21 73 97 70 31 58 36 58 76 57 70 88 91 45 86
25 65 15 57 61 1 1 89 32 10 35 36 29 41 59 13 63 20 0 95 16 48 98 75 58 59 42 98 17 26 52 88 84 79 10 79 44 42 84 0 94 23 28 65 57 56 14 3 75 64
92 45 16 33 16 20 27 3 22 37 98 39 83 18 14 64 44 33 45 22 99 90 55 13 82 86 15 45 84 10 8 73 6 67 95 64 94 3 5 53 57 41 84 21 25 73 39 42 18 86
81 21 61 81 83 4 15 60 90 5 5 86 67 18 0 72 87 68 46 44 47 35 24 14 4 6 63 35 55 51 16 21 35 13 0 36 13 2 77 88 68 69 10 53 30 5 21 53 98 8
54 74 3 25 25 72 88 52 41 74 20 46 19 27 75 66 36 30 26 36 84 58 59 91 50 23 89 98 14 70 23 65 76 48 5 18 60 22 83 56 89 76 33 63 6 64 27 80 31 62
2 2 11 20 9 48 62 11 34 41 6 0 55 40 34 33 84 67 53 46 13 49 6 32 56 21 7 53 18 56 84 30 99 41 72 97 70 89 11 58 81 0 33 28 3 28 66 97 14 84
19 78 7 11 31 67 71 36 58 89 87 17 24 10 2 73 43 77 20 61 86 13 48 31 39 22 32 90 9 78 9 5 47 35 37 50 23 74 56 93 21 55 5 83 23 55 52 23 63 54
39 38 75 73 12 15 81 16 46 54 94 26 98 16 29 39 95 29 49 84 25 75 63 13 37 11 83 18 24 75 38 91 79 86 35 49 64 31 57 83 82 84 73 79 3 83 71 45 95 36
69 13 64 31 20 52 84 75 19 34 28 93 27 22 71 36 89 88 74 8 6 98 21 2 93 57 57 88 13 69 80 31 51 16 79 58 21 64 7 6 94 72 29 20 89 35 56 24 82 54
96 86 98 40 58 77 22 1 81 33 16 34 78 68 40 90 16 86 22 50 3 69 42 94 21 97 84 91 24 73 52 53 72 29 9 1 67 73 67 84 82 69 4 86 65 40 42 48 72 98
57 78 40 4 36 67 62 94 9 12 27 16 75 76 54 61 97 25 99 92 2 1 93 63 71 35 50 44 54 15 1 34 19 87 1 17 66 93 42 67 14 22 55 41 60 79 70 86 80 14
32 58 33 66 69 28 98 34 80 74 37 64 6 53 30 46 49 50 27 4 60 20 83 76 90 66 37 51 5 87 19 71 92 39 53 8 68 60 9 19 88 75 20 67 11 10 88 46 69 43
65 1 98 54 68 61 70 95 22 32 55 85 87 5 36 62 3 42 92 18 96 25 61 62 86 47 16 75 87 87 29 21 49 66 14 1 93 87 40 91 52 84 32 3 92 21 69 88 59 93
98 60 20 99 75 22 72 86 58 44 98 95 49 65 47 14 20 57 53 95 67 72 92 39 0 99 33 63 74 29 56 91 0 16 24 74 1 5 94 41 7 40 89 49 9 98 31 1 39 51
70 13 79 11 37 83 60 85 3 48 15 66 14 42 63 39 2 43 40 2 6 80 28 67 24 13 51 19 8 90 3 22 29 79 56 8 7 24 14 66 68 51 47 38 48 6 7 64 58 55
47 79 66 69 52 23 70 6 68 63 10 75 9 48 5 70 85 73 51 1 64 53 0 65 81 68 25 70 9 53 97 20 61 70 29 4 21 13 43 75 38 45 40 71 58 41 61 51 86 90
62 8 80 33 50 96 90 73 66 6 37 15 58 52 1 20 17 71 46 63 84 52 3 57 91 69 94 29 56 34 98 35 80 87 77 74 8 69 3 7 6 16 75 34 22 78 70 76 89 36
49 50 37 16 63 61 32 73 48 71 30 59 93 74 79 88 0 21 99 93 69 11 75 77 80 29 75 90 71 66 76 30 4 87 31 31 74 34 18 22 17 59 99 78 39 73 66 12 93 96
6 57 36 97 25 53 97 49 36 73 5 86 41 92 74 77 79 14 62 76 44 44 28 52 93 67 23 94 44 26 7 36 71 50 59 95 15 93 50 76 45 90 65 59 97 97 50 72 54 13
19 4 55 78 56 53 78 93 39 96 3 45 85 49 37 19 32 96 70 5 59 70 67 21 56 48 46 33 68 37 78 97 30 37 66 79 93 92 15 55 47 24 72 51 83 0 97 97 85 67
15 29 65 72 78 21 3 30 4 94 57 94 24 14 6 81 89 99 80 63 38 9 45 18 69 19 70 0 27 98 45 64 8 56 8 3 82 22 90 48 60 44 4 83 19 0 82 73 30 27
64 38 2 20 89 71 3 98 33 44 41 84 47 73 51 90 88 19 18 91 54 31 88 13 83 30 70 83 45 37 60 41 78 84 11 24 53 62 80 4 9 59 79 60 66 81 64 0 73 48
30 34 14 42 26 25 13 64 84 3 69 29 74 12 82 93 67 64 70 95 23 2 91 81 89 57 35 63 75 24 46 12 25 26 97 66 88 69 46 43 38 93 47 84 80 1 57 80 3 89
94 27 43 47 77 70 7 34 94 42 14 97 91 87 74 75 55 76 4 12 96 56 90 2 23 93 98 3 67 51 90 10 12 1 25 26 40 81 28 61 8 61 15 88 32 7 49 49 39 79
36 92 34 93 92 96 22 5 81 75 18 68 65 13 55 90 97 35 6 85 50 4 70 44 95 70 35 40 65 52 1 5 17 85 38 61 48 84 42 88 32 82 72 33 60 7 70 2 83 41
70 78 57 38 15 24 93 22 28 73 6 52 57 69 51 48 72 77 87 10 44 69 69 89 50 11 75 81 49 57 55 96 12 14 57 71 6 96 54 63 81 26 98 36 44 23 56 78 3 54
12 22 0 90 9 90 38 87 80 83 64 66 92 65 57 65 99 17 3 80 72 32 91 72 56 25 32 0 25 35 17 31 18 50 77 4 82 90 57 77 39 45 99 86 78 53 57 42 5 89
68 21 52 86 26 44 6 15 26 37 67 38 2 93 31 96 51 25 33 85 84 43 3 39 64 44 26 16 31 19 17 34 97 57 89 82 24 12 43 42 58 79 8 63 41 10 78 66 6 98
46 9 47 61 17 29 58 70 13 92 21 62 90 53 65 8 4 55 31 94 30 52 83 68 21 23 1 37 18 65 97 8 27 63 45 42 55 24 60 37 13 19 30 26 57 69 73 77 71 38
73 73 87 63 6 1 37 37 7 69 4 64 64 74 94 28 19 80 22 54 22 30 65 5 45 86 86 92 14 93 89 12 90 16 73 71 10 52 58 37 85 44 96 79 68 8 74 91 90 20
10 55 57 0 92 85 57 75 35 50 29 87 62 12 10 60 89 47 19 85 54 87 92 66 39 85 4 94 40 65 99 62 64 9 91 15 64 93 89 12 92 23 89 88 0 6 69 46 90 40
28 46 74 13 12 43 25 4 64 44 43 85 23 88 88 39 43 30 50 81 51 33 0 15 99 67 58 37 67 81 40 7 19 80 48 87 45 87 48 44 41 98 40 62 16 81 17 46 19 78
42 13 96 19 86 30 30 12 15 42 71 62 18 83 85 4 98 48 2 86 40 52 98 19 9 8 33 87 41 81 84 59 43 7 52 7 47 65 22 30 73 83 20 25 13 7 78 97 58 87
10 94 66 88 59 4 17 86 95 86 38 18 25 67 5 84 30 98 22 96 11 79 69 40 90 74 37 9 38 4 62 28 53 8 58 89 2 72 93 48 13 39 15 91 75 42 61 34 4 92
26 78 23 40 19 43 35 15 17 41 56 37 46 7 94 35 67 47 81 72 20 55 40 1 50 84 29 37 3 96 72 97 0 74 96 37 26 62 47 84 5 3 0 43 39 79 5 88 16 59
31 72 37 87 90 44 16 89 21 79 3 5 82 27 42 60 4 65 57 64 7 95 41 84 69 39 64 80 74 96 96 44 71 10 9 38 11 92 53 29 73 52 95 3 89 71 70 9 89 6
82 61 33 51 34 49 13 21 92 81 75 48 22 23 72 8 82 57 91 69 74 47 83 67 88 71 69 5 5 2 42 10 46 60 31 78 36 75 56 74 0 59 92 72 73 55 67 21 28 96
15 47 7 66 27 45 70 99 18 38 79 64 69 69 87 94 37 92 62 14 11 72 14 20 85 98 26 51 54 92 85 16 74 24 70 99 60 25 77 98 63 4 55 93 72 20 2 38 62 73
33 84 18 87 73 45 9 75 11 92 86 72 27 17 3 31 21 41 28 80 9 64 90 7 27 87 23 93 16 58 93 91 67 59 52 67 60 79 52 9 41 71 81 97 85 27 90 73 12 0
40 2 19 55 4 95 16 48 75 70 15 8 25 5 2 11 59 24 60 35 89 73 96 62 19 88 36 30 45 72 32 87 60 1 62 85 49 5 94 8 63 5 13 30 93 93 67 77 70 31
56 99 10 87 54 83 50 27 47 73 77 88 74 28 5 48 97 13 3 81 45 49 22 59 77 4 52 70 96 88 32 22 76 97 88 55 28 61 22 42 97 51 90 42 50 28 28 41 69 77
90 79 10 45 11 21 35 76 18 14 34 58 40 74 98 52 48 33 34 28 82 90 15 8 66 12 87 17 98 20 39 51 71 26 30 22 8 87 8 49 1 36 96 64 92 64 74 22 65 77
24 81 94 14 41 74 73 99 51 43 26 50 87 22 11 90 21 95 14 14 84 8 6 93 59 38 26 73 77 42 54 10 40 84 85 89 29 97 9 13 76 32 23 66 96 96 5 22 66 42
63 60 17 8 17 54 23 1 76 49 51 80 98 92 14 65 93 42 52 11 22 55 55 0 71 4 87 6 49 9 9 95 83 79 45 92 5 37 54 25 2 63 87 83 17 35 2 16 12 2
70 88 43 18 94 27 37 66 94 77 32 31 24 49 97 53 68 76 85 6 78 56 75 98 76 10 5 80 19 2 19 84 77 56 18 61 92 25 74 99 38 7 8 69 47 88 39 85 64 28
23 82 86 78 11 8 3 31 29 7 90 77 18 44 41 14 92 6 52 1 73 35 87 84 96 94 48 5 65 7 35 57 52 81 19 33 7 25 79 45 91 61 64 85 59 19 19 89 51 5
70 85 25 55 30 27 43 19 33 57 36 74 58 60 82 76 30 92 74 28 41 99 99 31 60 35 21 32 78 97 78 37 72 89 64 32 34 43 43 85 24 95 86 78 9 44 71 8 60 85