serial 5 5 0.0024
serial 5 5 0.0032
serial 5 5 0.003
serial 5 5 0.0036
serial 5 5 0.0043
serial 50 50 0.1673
serial 50 50 0.1396
serial 50 50 0.19
serial 50 50 0.2136
serial 50 50 0.2676
serial 100 100 2.3495
serial 100 100 1.4903
serial 100 100 1.512
serial 100 100 1.4905
serial 100 100 2.9691
serial 250 250 20.101
serial 250 250 22.7127
serial 250 250 23.4121
serial 250 250 21.2645
serial 750 750 552.09
serial 750 750 588.609
serial 750 750 578.978
serial 1000 1000 2066.82
serial 1000 1000 2042.67
serial 1500 1500 9524.68
