tg 5 5 4.2362
tg 5 5 1.0948
tg 5 5 1.3298
tg 5 5 0.8247
tg 5 5 1.1215
tg 50 50 617.912
tg 50 50 590.31
tg 50 50 595.791
tg 50 50 597.021
tg 50 50 586.759
tg 100 100 1422.24
tg 100 100 1424.62
tg 100 100 1410.16
tg 100 100 1429.44
tg 100 100 1437.02
tg 250 250 4442.52
tg 250 250 4439.39
tg 250 250 4426.19
tg 250 250 4421.96
tg 750 750 16512.6
tg 750 750 16543.6
tg 750 750 16608.5
tg 100 100 27.582
tg 100 100 32.7575
tg 100 100 29.4594
tg 100 100 25.6406
tg 100 100 25.9469
tg 100 100 29.3142
tg 100 100 35.3728
tg 100 100 27.8194
tg 100 100 26.17
tg 100 100 27.026
tg 100 100 26.5172
tg 100 100 35.3141
tg 100 100 30.5487
tg 100 100 27.6857
tg 100 100 25.6526
tg 5 5 0.1478
tg 5 5 0.1313
tg 5 5 0.0526
tg 5 5 0.0651
tg 5 5 0.1077
tg 5 5 3.9341
tg 5 5 2.6097
tg 5 5 1.8039
tg 5 5 3.5777
tg 5 5 2.0026
tg 5 5 4.3332
tg 5 5 3.6042
tg 5 5 2.2709
tg 5 5 1.6697
tg 5 5 2.0299
tg 5 5 7.6657
tg 5 5 1.7345
tg 5 5 1.8561
tg 5 5 2.6366
tg 5 5 1.8605
tg 5 5 2.1109
tg 5 5 3.501
tg 5 5 2.5014
tg 5 5 1.8175
tg 5 5 3.2139
tg 5 5 3.1712
tg 5 5 2.2237
tg 5 5 3.919
tg 5 5 2.131
tg 5 5 2.448
tg 5 5 6.8838
tg 5 5 2.0646
tg 5 5 5.6035
tg 5 5 1.7329
tg 5 5 1.8326
tg 5 5 2.7343
tg 5 5 1.8136
tg 5 5 2.1673
tg 5 5 2.1326
tg 5 5 2.0849
tg 5 5 2.1417
tg 5 5 1.2776
tg 5 5 0.578
tg 5 5 0.0844
tg 5 5 0.1879
tg 5 5 0.1789
tg 5 5 1.5211
tg 5 5 2.5444
tg 5 5 1.7937
tg 5 5 1.1575
tg 5 5 1.661
tg 5 5 5.0775
tg 5 5 1.1973
tg 5 5 1.7037
tg 5 5 1.6703
tg 5 5 1.2721
tg 5 5 12.2679
tg 5 5 1.5679
tg 5 5 0.2994
tg 5 5 0.501
tg 5 5 0.154
tg 5 5 0.1538
tg 5 5 3.1154
tg 5 5 0.1869
tg 5 5 0.2852
tg 5 5 0.5764
tg 5 5 0.3836
tg 5 5 1.1006
tg 5 5 0.2145
tg 5 5 0.293
tg 5 5 0.1886
tg 5 5 0.1745
tg 5 5 5.8759
tg 5 5 0.2765
tg 5 5 0.1446
tg 5 5 0.2314
tg 5 5 0.0948
